Orbit: 1.8636947 5.7436359 -0.0293250 -0.0077978 0.0016921 0.0007656
epoch JD 2453002.50000 (2452967.89487)
Eigenvalues computed: sigma_squared = 1.14122
   0:     -77974     22263     -6545      4485     -1280       454      6164     -2251    -81092      -355       130      4672
   1:     -77985     22271     -6413      2289      -654       116      6037     -2215    -81104      -182      66.8      2444
   2:     -78001     22285     -6200     -1523       436     -88.9      5832     -2156    -81124       119     -43.9     -1651
   3:     -77093     25634     -6619  -1.77e+6    587985   -151805      6221     -2268    -81246    142727    -52041  -1.86e+6
   4:     -77099     25641     -6509  -1.77e+6    588806   -149529      6117     -2234    -81254    140484    -51299  -1.87e+6
   5:     -77104     25647     -6404  -1.77e+6    589689   -147163      6017     -2200    -81261    138358    -50598  -1.87e+6
   6:     -76624     26058     -7463  -2.05e+6    697903   -199773      7020     -2536    -80937    188023    -67937  -2.17e+6
   7:     -76624     26058     -7459  -2.05e+6    697930   -199699      7016     -2535    -80937    187935    -67907  -2.17e+6
   8:     -76625     26059     -7451  -2.05e+6    697985   -199487      7009     -2533    -80937    187758    -67847  -2.17e+6
   9:     -76625     26059     -7448  -2.05e+6    698011   -199455      7006     -2532    -80937    187720    -67835  -2.17e+6
  10:     -75551     26816     -7894  -2.63e+6    934759   -275090      7426     -2679    -80171    258929    -93405   -2.8e+6
  11:     -75562     26825     -7724  -2.64e+6    935934   -269399      7265     -2622    -80184    253538    -91493   -2.8e+6
  12:     -75575     26836     -7502  -2.64e+6    937558   -262016      7057     -2548    -80200    246611    -89037   -2.8e+6
Covariance:
  0.000138  0.000483  -2.92e-6   1.41e-6   1.28e-6   7.45e-8
  0.000483   0.00169  -1.02e-5   4.93e-6   4.49e-6    2.6e-7
  -2.92e-6  -1.02e-5   6.19e-8  -2.98e-8  -2.72e-8  -1.58e-9
   1.41e-6   4.93e-6  -2.98e-8   1.45e-8   1.33e-8   7.6e-10
   1.28e-6   4.49e-6  -2.72e-8   1.33e-8   1.24e-8  6.92e-10
   7.45e-8    2.6e-7  -1.58e-9   7.6e-10  6.92e-10  4.03e-11
Covariance: test for orthogonality
   2.52e-7   8.82e-7  -5.34e-9   2.58e-9   2.35e-9  1.36e-10
   8.82e-7   3.08e-6  -1.87e-8      9e-9    8.2e-9  4.76e-10
  -5.34e-9  -1.87e-8  1.13e-10 -5.45e-11 -4.96e-11 -2.88e-12
   2.58e-9      9e-9 -5.45e-11  2.63e-11  2.39e-11  1.39e-12
   2.35e-9    8.2e-9 -4.96e-11  2.39e-11  2.18e-11  1.26e-12
  1.36e-10  4.76e-10 -2.88e-12  1.39e-12  1.26e-12  7.33e-14
Correlation:
  1.000000  1.000000 -0.999404  0.998086  0.981747  0.998512
  1.000000  1.000000 -0.999404  0.998102  0.981789  0.998512
 -0.999404 -0.999404  1.000000 -0.997564 -0.981379 -0.999526
  0.998086  0.998102 -0.997564  1.000000  0.991610  0.996416
  0.981747  0.981789 -0.981379  0.991610  1.000000  0.979708
  0.998512  0.998511 -0.999526  0.996416  0.979708  1.000000
WtW:
  5.31e+10 -1.74e+10   4.42e+7  1.12e+12 -3.86e+11   5.11e+8
 -1.74e+10   5.77e+9   1.44e+8 -3.86e+11  1.33e+11   1.69e+9
   4.42e+7   1.44e+8  5.89e+10   5.58e+8   1.67e+9  1.25e+12
  1.12e+12 -3.86e+11   5.58e+8  3.24e+13 -1.12e+13  1.32e+10
 -3.86e+11  1.33e+11   1.67e+9 -1.12e+13  3.87e+12  4.45e+10
   5.11e+8   1.69e+9  1.25e+12  1.32e+10  4.45e+10  3.63e+13
WtW: test for orthogonality
  1.41e+24 -4.85e+23  6.24e+20  4.08e+25 -1.41e+25  1.63e+22
 -4.85e+23  1.67e+23  2.13e+21  -1.4e+25  4.85e+24  6.23e+22
  6.24e+20  2.13e+21  1.58e+24   1.6e+22  5.62e+22  4.56e+25
  4.08e+25  -1.4e+25   1.6e+22  1.18e+27 -4.07e+26  4.12e+23
 -1.41e+25  4.85e+24  5.62e+22 -4.07e+26  1.41e+26  1.64e+24
  1.63e+22  6.23e+22  4.56e+25  4.12e+23  1.64e+24  1.32e+27
Eigenvectors:
  0.275096  0.961392 -0.005817  0.002807  0.002556  0.000148
 -0.127219  0.032885 -0.012008  0.328026  0.935408 -0.000851
 -0.085869  0.030592  0.995237  0.002970 -0.001051 -0.034408
  0.948523 -0.271261  0.090174  0.010913  0.135867 -0.003289
  0.030543 -0.010489  0.012287  0.883014 -0.304649  0.355362
 -0.011603  0.004039  0.032294 -0.335485  0.117191  0.934089
Eigenvectors: test for orthogonality
  1.000000 -0.000000 -0.000000  0.000000  0.000000 -0.000000
 -0.000000  1.000000 -0.000000  0.000000 -0.000000 -0.000000
 -0.000000 -0.000000  1.000000  0.000000 -0.000000 -0.000000
  0.000000  0.000000  0.000000  1.000000 -0.000000  0.000000
  0.000000 -0.000000 -0.000000 -0.000000  1.000000 -0.000000
 -0.000000 -0.000000 -0.000000  0.000000 -0.000000  1.000000
Eigenvalues:
       547   1.96e+9  1.36e+10  1.38e+10  3.18e+13  3.19e+13
One-sigma eigenvect:
    0.0118    0.0411 -0.000249   0.00012  0.000109   6.34e-6

Covariance in 'traditional' elements:
   Tp        e         q         Q         1/a       i         M         omega     Omega     MOID      H         (null)    (null)    (null)    (null)    (null) 
 (days)    (unitless) (AU)      (AU)      (1/AU)   (deg)     (deg)       (deg)     (deg)     (AU)    (mag)
       748     0.664     -2.06      13.2   -0.0724     -2.79     -18.7      72.5     0.999         0      0.92         0         0         0         0         0 Tp
     0.664  0.000611  -0.00189    0.0122  -6.68e-5   -0.0026   -0.0162    0.0648  0.000929         0  0.000857         0         0         0         0         0 e
     -2.06  -0.00189   0.00587   -0.0377  0.000207   0.00803    0.0506    -0.201  -0.00288         0  -0.00265         0         0         0         0         0 q
      13.2    0.0122   -0.0377     0.242  -0.00133   -0.0517    -0.323      1.29    0.0185         0    0.0171         0         0         0         0         0 Q
   -0.0724  -6.68e-5  0.000207  -0.00133   7.31e-6  0.000284   0.00177  -0.00708 -0.000102         0  -9.37e-5         0         0         0         0         0 1/a
     -2.79   -0.0026   0.00803   -0.0517  0.000284    0.0111    0.0678    -0.273  -0.00396         0  -0.00365         0         0         0         0         0 i
     -18.7   -0.0162    0.0506    -0.323   0.00177    0.0678     0.472      -1.8   -0.0243         0   -0.0224         0         0         0         0         0 M
      72.5    0.0648    -0.201      1.29  -0.00708    -0.273      -1.8      7.04    0.0977         0    0.0901         0         0         0         0         0 omega
     0.999  0.000929  -0.00288    0.0185 -0.000102  -0.00396   -0.0243    0.0977   0.00142         0   0.00131         0         0         0         0         0 Omega
         0         0         0         0         0         0         0         0         0         0         0         0         0         0         0         0 MOID
      0.92  0.000857  -0.00265    0.0171  -9.37e-5  -0.00365   -0.0224    0.0901   0.00131         0    0.0012         0         0         0         0         0 H
         0         0         0         0         0         0         0         0         0         0         0         0         0         0         0         0 (null)
         0         0         0         0         0         0         0         0         0         0         0         0         0         0         0         0 (null)
         0         0         0         0         0         0         0         0         0         0         0         0         0         0         0         0 (null)
         0         0         0         0         0         0         0         0         0         0         0         0         0         0         0         0 (null)
         0         0         0         0         0         0         0         0         0         0         0         0         0         0         0         0 (null)
   Tp        e         q         Q         1/a       i         M         omega     Omega     MOID      H         (null)    (null)    (null)    (null)    (null) 

   Tp           27.4 2453271.564435358
        -404       232      43.3   -177467    391826     26255
   e          0.0247 0.325336857
      -0.107    -0.181   0.00537       309     -31.7     -29.4
   q          0.0766 5.914281772
       0.058     -1.11   -0.0332      26.6      -315     -10.3
   Q           0.492 11.618265645
       -2.66      -6.9    0.0742      8075     -1441      -785
   1/a        0.0027 0.114073554
      0.0169    0.0522 -0.000266     -52.7      11.4      5.17
   i           0.105 5.487736262
     -0.0434    0.0117    -0.468      -662       179     -7141
   M           0.687 -10.217339663
        13.1     -15.8     -1.61     13817    -16417     -1692
   omega        2.65 20.713266829
         -32      22.2     -96.1    -11492     31331     -1967
   Omega      0.0376 74.920292176
         9.2     -2.48      99.1       352     -94.9      3798
   MOID            0 0.000000000
           0         0         0         0         0         0
   H          0.0347 13.902307360
       0.279     0.704  -0.00311      7.17      14.8   -0.0344
   (null)          0 0.000000000
           0         0         0         0         0         0
   (null)          0 0.000000000
           0         0         0         0         0         0
   (null)          0 0.000000000
           0         0         0         0         0         0
   (null)          0 0.000000000
           0         0         0         0         0         0
   (null)          0 0.000000000
           0         0         0         0         0         0

Planet orbiting: 0
Sigmas:
sigma_Tp         27.4 days
sigma_e        0.0247 
sigma_q        0.0766 AU (1.15e+7 km)
sigma_Q         0.492 AU (7.36e+7 km)
sigma_1/a      0.0027 1/AU
sigma_i          0.10 deg
sigma_M           0.6 deg
sigma_omega       2.6 deg
sigma_Omega     0.037 deg
sigma_MOID          0 AU (0 km)
sigma_H        0.0347 mag
sigma_n:      0.00135
sigma_a:        0.208 AU (3.11e+7 km)
sigma_P:          337 days
sigma_Py:      0.923 years
U=8.3
