Orbit: 8.1636991 -0.0842767 0.1153865 -0.0002869 0.0068725 -0.0020524
epoch JD 2456896.50000 (2456715.05333)
Eigenvalues computed: sigma_squared = 0.535679
   0:      15941    137308     22392  -2.89e+6  -2.52e+7   -4.1e+6     12119     21108   -137912   -2.2e+6  -3.87e+6   2.53e+7
   1:      15939    137304     22419  -2.89e+6  -2.51e+7  -4.11e+6     12122     21136   -137908   -2.2e+6  -3.87e+6   2.53e+7
   2:      15939    137302     22434  -2.89e+6  -2.51e+7  -4.11e+6     12124     21150   -137906   -2.2e+6  -3.87e+6   2.53e+7
   3:      15937    137298     22466  -2.89e+6  -2.51e+7  -4.11e+6     12127     21182   -137901   -2.2e+6  -3.88e+6   2.53e+7
   4:      16123    137355     22720   -2.9e+6   -2.5e+7  -4.14e+6     12160     21421   -137981  -2.19e+6   -3.9e+6   2.51e+7
   5:      16119    137345     22786   -2.9e+6   -2.5e+7  -4.15e+6     12168     21487   -137971  -2.19e+6  -3.91e+6   2.51e+7
   6:      16117    137342     22809   -2.9e+6   -2.5e+7  -4.15e+6     12170     21510   -137967  -2.19e+6  -3.92e+6   2.51e+7
   7:      16116    137338     22833   -2.9e+6   -2.5e+7  -4.16e+6     12173     21533   -137964  -2.19e+6  -3.92e+6   2.51e+7
   8:      16519    137503     22848  -2.94e+6  -2.48e+7  -4.11e+6     12179     21524   -138178  -2.17e+6  -3.88e+6   2.49e+7
   9:      16518    137500     22867  -2.94e+6  -2.48e+7  -4.12e+6     12181     21543   -138175  -2.17e+6  -3.88e+6   2.49e+7
  10:      16516    137497     22887  -2.94e+6  -2.48e+7  -4.12e+6     12184     21562   -138172  -2.17e+6  -3.88e+6   2.49e+7
  11:      16515    137494     22907  -2.94e+6  -2.48e+7  -4.12e+6     12186     21582   -138169  -2.17e+6  -3.89e+6   2.49e+7
  12:      16514    137491     22928  -2.94e+6  -2.48e+7  -4.13e+6     12189     21603   -138166  -2.17e+6  -3.89e+6   2.49e+7
  13:      17106    137686     22965     -3e+6  -2.44e+7  -4.07e+6     12195     21602   -138437  -2.14e+6  -3.83e+6   2.45e+7
  14:      17111    137690     22945     -3e+6  -2.44e+7  -4.06e+6     12193     21582   -138441  -2.14e+6  -3.82e+6   2.45e+7
  15:      17114    137691     22941     -3e+6  -2.44e+7  -4.06e+6     12192     21578   -138443  -2.14e+6  -3.82e+6   2.45e+7
  16:      17113    137667     23119     -3e+6  -2.44e+7  -4.09e+6     12214     21754   -138419  -2.14e+6  -3.85e+6   2.45e+7
  17:      17112    137665     23134     -3e+6  -2.44e+7   -4.1e+6     12216     21769   -138417  -2.14e+6  -3.86e+6   2.45e+7
  18:      17111    137663     23149     -3e+6  -2.44e+7   -4.1e+6     12218     21784   -138415  -2.14e+6  -3.86e+6   2.45e+7
  19:      17110    137658     23182     -3e+6  -2.44e+7   -4.1e+6     12222     21817   -138410  -2.14e+6  -3.86e+6   2.45e+7
  20:      17108    137653     23218     -3e+6  -2.44e+7  -4.11e+6     12227     21852   -138404  -2.14e+6  -3.87e+6   2.45e+7
  21:       6900     55073      9363   -1.2e+6  -9.71e+6  -1.65e+6      4900      8811    -55374   -854843  -1.55e+6   9.76e+6
  22:       6900     55072      9373   -1.2e+6  -9.71e+6  -1.65e+6      4901      8822    -55373   -855019  -1.56e+6   9.76e+6
  23:       6900     55070      9386   -1.2e+6  -9.71e+6  -1.65e+6      4903      8834    -55371   -855243  -1.56e+6   9.76e+6
  24:       7061     55101      9439  -1.22e+6   -9.6e+6  -1.64e+6      4909      8876    -55424   -846738  -1.55e+6   9.66e+6
  25:       7066     55104      9427  -1.22e+6   -9.6e+6  -1.64e+6      4907      8864    -55427   -846288  -1.54e+6   9.66e+6
  26:       7134     55098      9556  -1.22e+6  -9.55e+6  -1.66e+6      4923      8988    -55431   -844463  -1.56e+6    9.6e+6
  27:       7134     55097      9564  -1.22e+6  -9.55e+6  -1.66e+6      4924      8995    -55430   -844581  -1.56e+6    9.6e+6
  28:       7134     55095      9576  -1.22e+6  -9.54e+6  -1.66e+6      4926      9007    -55428   -844783  -1.56e+6    9.6e+6
  29:       8707     54287     12280  -1.29e+6  -8.15e+6  -1.84e+6      5268     11581    -54871   -784462  -1.74e+6   8.24e+6
  30:       8708     54287     12279  -1.29e+6  -8.15e+6  -1.84e+6      5268     11580    -54872   -784406  -1.74e+6   8.24e+6
  31:       9156     52943     15207  -1.25e+6  -7.31e+6   -2.1e+6      5697     14434    -53631   -780621  -1.99e+6    7.4e+6
  32:       9156     52943     15205  -1.25e+6  -7.31e+6   -2.1e+6      5696     14432    -53631   -780563  -1.99e+6    7.4e+6
  33:       9166     52778     15578  -1.25e+6  -7.23e+6  -2.13e+6      5755     14798    -53470   -783104  -2.03e+6   7.33e+6
  34:       9172     52786     15539  -1.25e+6  -7.23e+6  -2.13e+6      5748     14760    -53480   -782024  -2.02e+6   7.33e+6
  35:     -28146    129396     44944  -5.07e+6   2.37e+7   8.23e+6    -14784     42838   -132232  -2.66e+6   7.84e+6  -2.42e+7
  36:     -28144    129398     44947  -5.07e+6   2.37e+7   8.23e+6    -14785     42841   -132233  -2.66e+6   7.84e+6  -2.42e+7
  37:     -28133    129380     45020  -5.07e+6   2.37e+7   8.24e+6    -14801     42913   -132213  -2.66e+6   7.86e+6  -2.42e+7
Covariance:
   4.97e-9  9.28e-10 -1.24e-10   2.2e-11  6.09e-12 -1.12e-12
  9.28e-10   3.27e-9 -9.01e-10  9.94e-11   5.9e-12  1.17e-12
 -1.24e-10 -9.01e-10  2.56e-10 -2.76e-11  -1.5e-12  -3.5e-13
   2.2e-11  9.94e-11 -2.76e-11  3.04e-12  1.73e-13  3.77e-14
  6.09e-12   5.9e-12  -1.5e-12  1.73e-13  1.49e-14  7.54e-16
 -1.12e-12  1.17e-12  -3.5e-13  3.77e-14  7.54e-16  9.86e-16
Covariance: test for orthogonality
  2.56e-17  7.77e-18 -1.49e-18  2.05e-19  3.59e-20 -4.42e-21
  7.77e-18  1.24e-17 -3.29e-18  3.71e-19  2.63e-20  3.12e-21
 -1.49e-18 -3.29e-18  8.93e-19 -9.94e-20 -6.46e-21 -1.01e-21
  2.05e-19  3.71e-19 -9.94e-20  1.11e-20  7.62e-22  1.02e-22
  3.59e-20  2.63e-20 -6.46e-21  7.62e-22  7.41e-23  6.53e-25
 -4.42e-21  3.12e-21 -1.01e-21  1.02e-22  6.53e-25  2.75e-24
Correlation:
  1.000000  0.230316 -0.110307  0.178972  0.708278 -0.504376
  0.230316  1.000000 -0.984876  0.998024  0.846106  0.653876
 -0.110307 -0.984876  1.000000 -0.990375 -0.768874 -0.697678
  0.178972  0.998024 -0.990375  1.000000  0.815555  0.688822
  0.708278  0.846106 -0.768874  0.815555  1.000000  0.196901
 -0.504376  0.653876 -0.697678  0.688822  0.196901  1.000000
WtW:
   7.16e+9  2.03e+10 -1.31e+10 -4.78e+11 -6.87e+12  2.86e+12
  2.03e+10  2.58e+11   2.24e+9 -6.79e+12 -3.14e+13 -2.79e+11
 -1.31e+10   2.24e+9  2.63e+11  2.82e+12 -2.79e+11 -3.16e+13
 -4.78e+11 -6.79e+12  2.82e+12  2.22e+14  6.07e+14 -4.07e+14
 -6.87e+12 -3.14e+13 -2.79e+11  6.07e+14  8.22e+15  7.06e+13
  2.86e+12 -2.79e+11 -3.16e+13 -4.07e+14  7.06e+13  8.38e+15
WtW: test for orthogonality
  5.55e+25  2.18e+26 -8.97e+25 -5.43e+27 -5.65e+28  2.36e+28
  2.18e+26  1.03e+27 -1.58e+24 -2.05e+28 -2.62e+29  -1.8e+27
 -8.97e+25 -1.58e+24  1.01e+27  1.33e+28 -2.81e+27 -2.66e+29
 -5.43e+27 -2.05e+28  1.33e+28  5.83e+29  5.09e+30 -3.46e+30
 -5.65e+28 -2.62e+29 -2.81e+27  5.09e+30  6.79e+31  9.26e+29
  2.36e+28  -1.8e+27 -2.66e+29 -3.46e+30  9.26e+29  7.03e+31
Eigenvectors:
  0.898955  0.427200 -0.096095  0.011964  0.001500 -0.000086
 -0.437209  0.861494 -0.256788  0.027117  0.000915  0.000518
 -0.026926  0.272973  0.961638 -0.000103  0.001031  0.003632
  0.001183 -0.028281  0.008060  0.995464 -0.075441  0.049937
 -0.000896 -0.003719  0.001013  0.085974  0.960311 -0.265323
  0.000109 -0.001013 -0.003637 -0.027950  0.268529  0.962858
Eigenvectors: test for orthogonality
  1.000000 -0.000000 -0.000000 -0.000000 -0.000000  0.000000
 -0.000000  1.000000  0.000000 -0.000000 -0.000000 -0.000000
 -0.000000  0.000000  1.000000 -0.000000 -0.000000 -0.000000
 -0.000000 -0.000000 -0.000000  1.000000 -0.000000  0.000000
 -0.000000 -0.000000 -0.000000 -0.000000  1.000000  0.000000
  0.000000 -0.000000 -0.000000  0.000000  0.000000  1.000000
Eigenvalues:
   1.84e+8   3.26e+8  2.69e+11  2.91e+14  1.54e+16  1.57e+16
One-sigma eigenvect:
   6.62e-5   3.15e-5  -7.08e-6   8.81e-7    1.1e-7  -6.36e-9

Covariance in 'traditional' elements:
   Tp        e         q         Q         1/a       i         M         omega     Omega     MOID      H         (null)    (null)    (null)    (null)    (null) 
 (days)    (unitless) (AU)      (AU)      (1/AU)   (deg)     (deg)       (deg)     (deg)     (AU)    (mag)
     0.884   1.49e-5  -0.00036 -0.000159    1.3e-6   0.00023   -0.0164    0.0449  -6.32e-5         0 -0.000123         0         0         0         0         0 Tp
   1.49e-5   1.92e-9   -3.4e-9   8.57e-8 -2.06e-10   3.83e-9  -2.75e-7   7.58e-7  8.94e-11         0  -3.76e-9         0         0         0         0         0 e
  -0.00036   -3.4e-9   1.51e-7   2.07e-7 -8.98e-10  -9.39e-8    6.7e-6  -1.83e-5   2.76e-8         0   4.75e-8         0         0         0         0         0 q
 -0.000159   8.57e-8   2.07e-7   4.72e-6  -1.24e-8  -4.42e-8   3.08e-6  -8.07e-6   7.27e-8         0  -6.68e-8         0         0         0         0         0 Q
    1.3e-6 -2.06e-10 -8.98e-10  -1.24e-8  3.32e-11  3.46e-10  -2.45e-8   6.61e-8 -2.52e-10         0  4.84e-11         0         0         0         0         0 1/a
   0.00023   3.83e-9  -9.39e-8  -4.42e-8  3.46e-10   6.74e-8  -4.28e-6   1.17e-5  -2.05e-8         0  -3.21e-8         0         0         0         0         0 i
   -0.0164  -2.75e-7    6.7e-6   3.08e-6  -2.45e-8  -4.28e-6  0.000306 -0.000834   1.18e-6         0   2.29e-6         0         0         0         0         0 M
    0.0449   7.58e-7  -1.83e-5  -8.07e-6   6.61e-8   1.17e-5 -0.000834   0.00228  -3.21e-6         0  -6.26e-6         0         0         0         0         0 omega
  -6.32e-5  8.94e-11   2.76e-8   7.27e-8 -2.52e-10  -2.05e-8   1.18e-6  -3.21e-6   8.74e-9         0   7.64e-9         0         0         0         0         0 Omega
         0         0         0         0         0         0         0         0         0         0         0         0         0         0         0         0 MOID
 -0.000123  -3.76e-9   4.75e-8  -6.68e-8  4.84e-11  -3.21e-8   2.29e-6  -6.26e-6   7.64e-9         0   1.89e-8         0         0         0         0         0 H
         0         0         0         0         0         0         0         0         0         0         0         0         0         0         0         0 (null)
         0         0         0         0         0         0         0         0         0         0         0         0         0         0         0         0 (null)
         0         0         0         0         0         0         0         0         0         0         0         0         0         0         0         0 (null)
         0         0         0         0         0         0         0         0         0         0         0         0         0         0         0         0 (null)
         0         0         0         0         0         0         0         0         0         0         0         0         0         0         0         0 (null)
   Tp        e         q         Q         1/a       i         M         omega     Omega     MOID      H         (null)    (null)    (null)    (null)    (null) 

   Tp           0.94 2456920.527203273
        39.9       439      -130    514225    176559    -46958
   e         4.38e-5 0.424567347
      -0.172    0.0141   -0.0061      30.3      -375       112
   q        0.000389 8.125022178
       -1.01    -0.163    0.0373      -204     -33.5      7.74
   Q         0.00217 20.114675849
         -11     0.288    -0.207       980    -18487      5523
   1/a       5.76e-6 0.070822287
        0.03 -0.000314  0.000425     -1.95      46.4     -13.9
   i         0.00026 16.613857170
   -0.000333   0.00898    0.0301     -84.6      2281      7650
   M          0.0175 -0.446336309
       -1.02     -8.15      2.42     -9533     -3719      1003
   omega      0.0477 187.569580880
        2.97      22.4      17.9     26347      7983      -707
   Omega     9.35e-5 -177.876490199
        0.26     -7.02     -23.6      14.6      -395     -1324
   MOID            0 0.000000000
           0         0         0         0         0         0
   H        0.000138 12.840130384
       0.553   0.00719    0.0495     -79.6      3.37     -9.45
   (null)          0 0.000000000
           0         0         0         0         0         0
   (null)          0 0.000000000
           0         0         0         0         0         0
   (null)          0 0.000000000
           0         0         0         0         0         0
   (null)          0 0.000000000
           0         0         0         0         0         0
   (null)          0 0.000000000
           0         0         0         0         0         0

Planet orbiting: 0
Sigmas:
sigma_Tp         0.94 days
sigma_e       4.38e-5 
sigma_q      0.000389 AU (58124 km)
sigma_Q       0.00217 AU (324948 km)
sigma_1/a     5.76e-6 1/AU
sigma_i       0.00025 deg
sigma_M         0.017 deg
sigma_omega     0.047 deg
sigma_Omega   0.00009 deg
sigma_MOID          0 AU (0 km)
sigma_H      0.000138 mag
sigma_n:      2.27e-6
sigma_a:      0.00115 AU (171931 km)
sigma_P:         2.37 days
sigma_Py:    0.00648 years
U=4.4
