Orbit: 7.6411315 2.7935715 -0.7486697 -0.0021458 0.0065501 -0.0019777
epoch JD 2457747.50000 (2457140.33450)
Eigenvalues computed: sigma_squared = 0.435919
   0:      25700    127437     19680   -1.1e+7  -8.16e+7  -1.32e+7     17119     20602   -125686  -8.05e+6  -1.27e+7   8.17e+7
   1:      25698    127433     19705   -1.1e+7  -8.16e+7  -1.32e+7     17124     20628   -125683  -8.05e+6  -1.27e+7   8.17e+7
   2:      25697    127431     19719   -1.1e+7  -8.16e+7  -1.32e+7     17126     20641   -125681  -8.06e+6  -1.27e+7   8.17e+7
   3:      25694    127427     19747   -1.1e+7  -8.16e+7  -1.32e+7     17132     20670   -125677  -8.06e+6  -1.27e+7   8.17e+7
   4:      25889    127516     19983  -1.11e+7  -8.15e+7  -1.34e+7     17172     20896   -125783  -8.07e+6  -1.28e+7   8.16e+7
   5:      25882    127507     20043  -1.11e+7  -8.15e+7  -1.34e+7     17184     20957   -125775  -8.07e+6  -1.29e+7   8.16e+7
   6:      25880    127504     20064  -1.11e+7  -8.15e+7  -1.34e+7     17189     20978   -125772  -8.07e+6  -1.29e+7   8.16e+7
   7:      25878    127501     20086  -1.11e+7  -8.15e+7  -1.34e+7     17193     21000   -125769  -8.07e+6  -1.29e+7   8.16e+7
   8:      26314    127726     20107  -1.13e+7  -8.13e+7  -1.34e+7     17180     20996   -126026  -8.05e+6  -1.28e+7   8.15e+7
   9:      26312    127724     20125  -1.13e+7  -8.13e+7  -1.34e+7     17183     21013   -126024  -8.05e+6  -1.28e+7   8.15e+7
  10:      26311    127721     20143  -1.13e+7  -8.13e+7  -1.34e+7     17187     21032   -126021  -8.05e+6  -1.29e+7   8.15e+7
  11:      26309    127718     20161  -1.13e+7  -8.13e+7  -1.34e+7     17191     21050   -126019  -8.06e+6  -1.29e+7   8.15e+7
  12:      26307    127715     20180  -1.13e+7  -8.13e+7  -1.35e+7     17195     21069   -126016  -8.06e+6  -1.29e+7   8.15e+7
  13:      26945    128003     20225  -1.16e+7  -8.11e+7  -1.34e+7     17173     21076   -126353  -8.02e+6  -1.28e+7   8.13e+7
  14:      26950    128007     20207  -1.16e+7  -8.11e+7  -1.34e+7     17169     21058   -126357  -8.02e+6  -1.28e+7   8.13e+7
  15:      26954    128009     20203  -1.16e+7  -8.11e+7  -1.34e+7     17168     21054   -126360  -8.02e+6  -1.28e+7   8.13e+7
  16:      26948    127989     20365  -1.16e+7   -8.1e+7  -1.35e+7     17202     21217   -126341  -8.03e+6  -1.29e+7   8.12e+7
  17:      26946    127986     20379  -1.16e+7   -8.1e+7  -1.35e+7     17205     21231   -126339  -8.03e+6  -1.29e+7   8.12e+7
  18:      26945    127984     20393  -1.16e+7   -8.1e+7  -1.35e+7     17208     21246   -126337  -8.04e+6  -1.29e+7   8.12e+7
  19:      26943    127980     20423  -1.16e+7   -8.1e+7  -1.35e+7     17214     21276   -126333  -8.04e+6  -1.29e+7   8.12e+7
  20:      26940    127975     20455  -1.16e+7   -8.1e+7  -1.36e+7     17221     21308   -126328  -8.04e+6   -1.3e+7   8.12e+7
  21:      10835     51212      8252  -4.68e+6  -3.24e+7  -5.46e+6      6899      8589    -50553  -3.22e+6  -5.22e+6   3.25e+7
  22:      10835     51211      8262  -4.68e+6  -3.24e+7  -5.47e+6      6901      8599    -50552  -3.22e+6  -5.23e+6   3.25e+7
  23:      10834     51209      8274  -4.68e+6  -3.24e+7  -5.47e+6      6904      8611    -50550  -3.22e+6  -5.23e+6   3.25e+7
  24:      11006     51267      8325  -4.77e+6  -3.23e+7  -5.49e+6      6905      8652    -50623  -3.21e+6  -5.24e+6   3.24e+7
  25:      11011     51270      8314  -4.77e+6  -3.23e+7  -5.48e+6      6902      8641    -50627  -3.21e+6  -5.23e+6   3.24e+7
  26:      11080     51278      8434   -4.8e+6  -3.22e+7  -5.55e+6      6923      8757    -50643  -3.22e+6   -5.3e+6   3.23e+7
  27:      11080     51277      8441   -4.8e+6  -3.22e+7  -5.55e+6      6924      8764    -50642  -3.22e+6   -5.3e+6   3.23e+7
  28:      11080     51276      8452   -4.8e+6  -3.22e+7  -5.56e+6      6927      8775    -50641  -3.22e+6  -5.31e+6   3.23e+7
  29:      12620     50836     10979  -5.54e+6  -3.06e+7  -6.86e+6      7337     11203    -50431  -3.31e+6  -6.56e+6   3.08e+7
  30:      12620     50837     10978  -5.54e+6  -3.06e+7  -6.86e+6      7336     11201    -50431  -3.31e+6  -6.56e+6   3.08e+7
  31:      12922     49720     13712  -5.67e+6  -2.92e+7  -8.33e+6      7892     13894    -49452   -3.5e+6     -8e+6   2.95e+7
  32:      12922     49720     13710  -5.67e+6  -2.92e+7  -8.33e+6      7891     13892    -49453   -3.5e+6  -7.99e+6   2.95e+7
  33:      12912     49575     14057  -5.67e+6  -2.91e+7  -8.52e+6      7969     14237    -49318  -3.53e+6  -8.18e+6   2.93e+7
  34:      12919     49584     14022  -5.67e+6  -2.91e+7   -8.5e+6      7959     14201    -49327  -3.53e+6  -8.16e+6   2.94e+7
  35:     -27056    128601     44585   6.72e+6  -3.16e+7   -1.1e+7    -13985     42642   -131327   3.51e+6  -1.05e+7   3.23e+7
  36:     -27054    128603     44588   6.72e+6  -3.16e+7   -1.1e+7    -13985     42645   -131329   3.51e+6  -1.05e+7   3.23e+7
  37:     -27044    128586     44661   6.71e+6  -3.16e+7   -1.1e+7    -14001     42717   -131310   3.51e+6  -1.05e+7   3.23e+7
  38:      -7935     55655      9718   1.56e+6  -1.07e+7  -1.88e+6     -4234      9221    -56114    829057  -1.78e+6   1.08e+7
  39:      -7935     55655      9718   1.56e+6  -1.07e+7  -1.88e+6     -4234      9221    -56114    829057  -1.78e+6   1.08e+7
  40:      -7933     55651      9736   1.56e+6  -1.07e+7  -1.88e+6     -4237      9239    -56110    829508  -1.78e+6   1.08e+7
  41:      -7932     55649      9747   1.56e+6  -1.07e+7  -1.88e+6     -4239      9249    -56108    829773  -1.78e+6   1.08e+7
  42:      -7930     55647      9758   1.56e+6  -1.07e+7  -1.89e+6     -4240      9261    -56106    830067  -1.78e+6   1.08e+7
  43:      -7930     55647      9758   1.56e+6  -1.07e+7  -1.89e+6     -4240      9261    -56106    830067  -1.78e+6   1.08e+7
  44:      -7927     55643      9784   1.56e+6  -1.07e+7  -1.89e+6     -4244      9287    -56101    830737  -1.79e+6   1.08e+7
  45:      -7921     55632      9845   1.56e+6  -1.07e+7   -1.9e+6     -4252      9346    -56089    832307   -1.8e+6   1.08e+7
  46:      -7917     55627      9877   1.56e+6  -1.07e+7  -1.91e+6     -4257      9379    -56083    833163  -1.81e+6   1.08e+7
  47:      -7914     55620      9913   1.56e+6  -1.07e+7  -1.91e+6     -4262      9414    -56077    834096  -1.81e+6   1.08e+7
  48:      -7906     55608      9984   1.56e+6  -1.07e+7  -1.93e+6     -4272      9485    -56063    835981  -1.83e+6   1.08e+7
  49:      -7903     55602     10017   1.56e+6  -1.07e+7  -1.93e+6     -4277      9518    -56057    836854  -1.83e+6   1.08e+7
  50:      -7048     55226     10005   1.31e+6     -1e+7  -1.82e+6     -4269      9547    -55559    786184  -1.73e+6   1.01e+7
  51:     -36023     28466    -12838  -2.16e+7   1.92e+7  -8.53e+6      1864    -16980    -43170   1.26e+6   -1.1e+7   -2.8e+7
  52:     -36023     28466    -12839  -2.16e+7   1.92e+7  -8.53e+6      1865    -16980    -43170   1.26e+6   -1.1e+7   -2.8e+7
  53:     -35722     27617    -14683  -2.15e+7   1.87e+7  -9.76e+6      3435    -18148    -42390   2.22e+6  -1.18e+7  -2.75e+7
  54:     -35722     27617    -14684  -2.15e+7   1.87e+7  -9.76e+6      3436    -18148    -42390   2.22e+6  -1.18e+7  -2.75e+7
Covariance:
   1.47e-9   6.4e-10 -1.93e-10  1.39e-13  1.51e-12 -5.28e-13
   6.4e-10  2.91e-10 -8.55e-11  7.35e-14  6.78e-13 -2.32e-13
 -1.93e-10 -8.55e-11  3.46e-11 -2.37e-14 -2.01e-13  8.33e-14
  1.39e-13  7.35e-14 -2.37e-14  2.11e-16   1.4e-16 -4.64e-17
  1.51e-12  6.78e-13 -2.01e-13   1.4e-16   1.6e-15 -5.48e-16
 -5.28e-13 -2.32e-13  8.33e-14 -4.64e-17 -5.48e-16  2.17e-16
Covariance: test for orthogonality
  2.61e-18  1.14e-18 -3.45e-19  2.57e-22   2.7e-21 -9.41e-22
  1.14e-18  5.01e-19 -1.51e-19  1.13e-22  1.18e-21 -4.12e-22
 -3.45e-19 -1.51e-19  4.57e-20  -3.4e-23 -3.57e-22  1.25e-22
  2.57e-22  1.13e-22  -3.4e-23  2.54e-26  2.66e-25 -9.26e-26
   2.7e-21  1.18e-21 -3.57e-22  2.66e-25   2.8e-24 -9.74e-25
 -9.41e-22 -4.12e-22  1.25e-22 -9.26e-26 -9.74e-25  3.39e-25
Correlation:
  1.000000  0.977128 -0.855372  0.249881  0.988095 -0.934702
  0.977128  1.000000 -0.851401  0.296043  0.994448 -0.921173
 -0.855372 -0.851401  1.000000 -0.276957 -0.854084  0.962072
  0.249881  0.296043 -0.276957  1.000000  0.241197 -0.216550
  0.988095  0.994448 -0.854084  0.241197  1.000000 -0.930434
 -0.934702 -0.921173  0.962072 -0.216550 -0.930434  1.000000
WtW:
  1.79e+10  2.88e+10  -1.5e+10 -3.16e+12 -2.68e+13   1.2e+13
  2.88e+10  2.45e+11   7.05e+8 -1.81e+13  -1.3e+14  6.07e+11
  -1.5e+10   7.05e+8  2.45e+11  8.98e+12   4.1e+11 -1.27e+14
 -3.16e+12 -1.81e+13  8.98e+12  3.87e+15  9.75e+15    -5e+15
 -2.68e+13  -1.3e+14   4.1e+11  9.75e+15  8.02e+16   9.8e+14
   1.2e+13  6.07e+11 -1.27e+14    -5e+15   9.8e+14   8.2e+16
WtW: test for orthogonality
  8.69e+26  3.53e+27 -1.56e+27 -3.33e+29 -2.16e+30  9.72e+29
  3.53e+27  1.71e+28 -2.93e+26 -1.34e+30 -1.06e+31  1.32e+28
 -1.56e+27 -2.93e+26  1.62e+28  6.73e+29 -3.99e+27 -1.05e+31
 -3.33e+29 -1.34e+30  6.73e+29  1.35e+32  8.15e+32  -4.2e+32
 -2.16e+30 -1.06e+31 -3.99e+27  8.15e+32  6.53e+33   1.1e+32
  9.72e+29  1.32e+28 -1.05e+31  -4.2e+32   1.1e+32  6.75e+33
Eigenvectors:
  0.909285  0.398431 -0.120219  0.000089  0.000941 -0.000328
 -0.414901  0.845292 -0.336654  0.001078  0.001103 -0.000415
 -0.032513  0.355993  0.933921 -0.000056  0.000549  0.001439
  0.000419 -0.000732  0.000329  0.990141 -0.124801  0.063594
 -0.000361 -0.001529  0.000515  0.138607  0.938411 -0.316496
  0.000034 -0.000495 -0.001459 -0.020178  0.322191  0.946458
Eigenvectors: test for orthogonality
  1.000000 -0.000000 -0.000000  0.000000  0.000000 -0.000000
 -0.000000  1.000000 -0.000000 -0.000000  0.000000  0.000000
 -0.000000 -0.000000  1.000000  0.000000  0.000000  0.000000
  0.000000 -0.000000  0.000000  1.000000 -0.000000  0.000000
  0.000000  0.000000  0.000000 -0.000000  1.000000  0.000000
 -0.000000  0.000000  0.000000  0.000000  0.000000  1.000000
Eigenvalues:
   5.63e+8  8.79e+10  1.15e+11  5.33e+15  1.87e+17  1.89e+17
One-sigma eigenvect:
   3.83e-5   1.68e-5  -5.07e-6   3.77e-9   3.97e-8  -1.38e-8

Covariance in 'traditional' elements:
   Tp        e         q         Q         1/a       i         M         omega     Omega     MOID      H         (null)    (null)    (null)    (null)    (null) 
 (days)    (unitless) (AU)      (AU)      (1/AU)   (deg)     (deg)       (deg)     (deg)     (AU)    (mag)
   7.05e-5  -1.83e-8  -2.32e-8  -9.45e-7   2.45e-9   -1.8e-8  -5.15e-7   3.44e-6   1.52e-8         0   3.17e-9         0         0         0         0         0 Tp
  -1.83e-8  5.24e-10  9.01e-10   2.77e-8 -7.24e-11  3.55e-10  -2.34e-8 -7.43e-10  1.51e-10         0 -5.53e-10         0         0         0         0         0 e
  -2.32e-8  9.01e-10   1.57e-9   4.76e-8 -1.25e-10  6.14e-10  -4.04e-8 -9.17e-10  2.65e-10         0 -9.62e-10         0         0         0         0         0 q
  -9.45e-7   2.77e-8   4.76e-8   1.46e-6  -3.82e-9   1.88e-8  -1.24e-6  -3.84e-8   7.99e-9         0  -2.92e-8         0         0         0         0         0 Q
   2.45e-9 -7.24e-11 -1.25e-10  -3.82e-9     1e-11 -4.91e-11   3.23e-9  9.95e-11 -2.09e-11         0  7.65e-11         0         0         0         0         0 1/a
   -1.8e-8  3.55e-10  6.14e-10   1.88e-8 -4.91e-11   2.15e-9  -1.57e-8  -1.4e-11 -7.06e-10         0 -3.77e-10         0         0         0         0         0 i
  -5.15e-7  -2.34e-8  -4.04e-8  -1.24e-6   3.23e-9  -1.57e-8   1.07e-6  -3.17e-8  -7.14e-9         0    2.5e-8         0         0         0         0         0 M
   3.44e-6 -7.43e-10 -9.17e-10  -3.84e-8  9.95e-11  -1.4e-11  -3.17e-8   1.69e-7 -4.43e-10         0  1.91e-11         0         0         0         0         0 omega
   1.52e-8  1.51e-10  2.65e-10   7.99e-9 -2.09e-11 -7.06e-10  -7.14e-9 -4.43e-10   1.33e-9         0 -1.66e-10         0         0         0         0         0 Omega
         0         0         0         0         0         0         0         0         0         0         0         0         0         0         0         0 MOID
   3.17e-9 -5.53e-10 -9.62e-10  -2.92e-8  7.65e-11 -3.77e-10    2.5e-8  1.91e-11 -1.66e-10         0  5.93e-10         0         0         0         0         0 H
         0         0         0         0         0         0         0         0         0         0         0         0         0         0         0         0 (null)
         0         0         0         0         0         0         0         0         0         0         0         0         0         0         0         0 (null)
         0         0         0         0         0         0         0         0         0         0         0         0         0         0         0         0 (null)
         0         0         0         0         0         0         0         0         0         0         0         0         0         0         0         0 (null)
         0         0         0         0         0         0         0         0         0         0         0         0         0         0         0         0 (null)
   Tp        e         q         Q         1/a       i         M         omega     Omega     MOID      H         (null)    (null)    (null)    (null)    (null) 

   Tp        0.00839 2456916.817436102
        -197       399      -121    552150    -10324      9212
   e         2.29e-5 0.421918482
      -0.156   -0.0712    0.0195       102      -362       109
   q         3.96e-5 8.121822300
       -1.01    -0.169    0.0392       222      36.4     -8.38
   Q         0.00121 19.977406067
       -10.1     -3.88      1.04      5490    -17510      5285
   1/a       3.16e-6 0.071176332
       0.028    0.0102  -0.00275     -14.5      44.3     -13.4
   i         4.63e-5 16.623682033
     -0.0198     0.531      1.78     -80.7      2168      7267
   M         0.00103 15.546855828
        12.9      -4.1      1.37    -15075     14695     -4551
   omega    0.000411 187.378777965
       -9.12      20.1      17.6     27872     -1496     -8209
   Omega     3.64e-5 -177.868163530
       0.252     -6.77     -22.7     -95.4      2563      8590
   MOID            0 0.000000000
           0         0         0         0         0         0
   H         2.43e-5 12.939340444
       0.603    0.0604   0.00558      -228      13.6     -23.3
   (null)          0 0.000000000
           0         0         0         0         0         0
   (null)          0 0.000000000
           0         0         0         0         0         0
   (null)          0 0.000000000
           0         0         0         0         0         0
   (null)          0 0.000000000
           0         0         0         0         0         0
   (null)          0 0.000000000
           0         0         0         0         0         0

Planet orbiting: 0
Sigmas:
sigma_Tp      0.00839 days
sigma_e       2.29e-5 
sigma_q       3.96e-5 AU (5921 km)
sigma_Q       0.00121 AU (180897 km)
sigma_1/a     3.16e-6 1/AU
sigma_i      0.000046 deg
sigma_M        0.0010 deg
sigma_omega   0.00041 deg
sigma_Omega  0.000036 deg
sigma_MOID          0 AU (0 km)
sigma_H       2.43e-5 mag
sigma_n:      1.25e-6
sigma_a:     0.000624 AU (93396 km)
sigma_P:         1.28 days
sigma_Py:    0.00351 years
U=3.6
