Residuals in arcseconds
2003 11 24.36582    691 04 50 53.95   +22 09 18.5    +0.005362 +0.306444  5.0209 5.9889-3.9s +0.30 +0.3  -0.45 
2003 11 24.39413    691 04 50 53.20   +22 09 17.4    +0.336840 -0.377027  5.0208 5.9889-073s -0.39 +0.5  +0.15 
2003 11 24.44292    691 04 50 51.82   +22 09 17.1    -0.343462 +0.080262  5.0206 5.9889+078s +0.09 +0.3  -0.55 
2003 12 17.35564    691 04 40 20.29   +22 02 33.1    -0.501395 -0.014770  5.0058 5.9677+114s +0.01 +0.5  +0.55 
2003 12 17.38206    691 04 40 19.65   +22 02 32.3    +0.584671 -0.261551  5.0058 5.9677-130s -0.29 +0.6  +0.55 
2003 12 17.41056    691 04 40 18.83   +22 02 32.2    -0.079166 +0.248067  5.0059 5.9676+015s +0.25 +0.2  -0.15 
2003 12 29.26799    691 04 35 25.20   +21 59 12.2    -0.244634 -0.000066  5.0616 5.9572+066s +0.01 +0.2  -0.50 
2003 12 29.30089    691 04 35 24.49   +21 59 11.7    +0.442797 -0.005586  5.0618 5.9572-119s -0.02 +0.4  +0.30 
2003 12 29.34716    691 04 35 23.38   +21 59 11.0    -0.200636 +0.024318  5.0621 5.9571+054s +0.03 +0.2  +0.10 

Station data:
(691) Steward Observatory, Kitt Peak-Spacewatch  (N31.962186 W111.600340)
   US/Arizona.  Observer J. V. Scotti. 0.9-m f/3 reflector + CCD.
