Residuals in arcseconds
2003 11 24.36582    691 04 50 53.95   +22 09 18.5    -0.003311 +0.362582  5.0706 6.0386-2.4s +0.36 +0.3  -0.27 
2003 11 24.39413    691 04 50 53.20   +22 09 17.4    +0.336418 -0.321054  5.0705 6.0385-074s -0.33 +0.4  +0.33 
2003 11 24.44292    691 04 50 51.82   +22 09 17.1    -0.329342 +0.135568  5.0703 6.0385+074s +0.14 +0.3  -0.37 
2003 12 17.35564    691 04 40 20.29   +22 02 33.1    -0.564793 -0.225666  5.0589 6.0208+131s -0.19 +0.6  +0.73 
2003 12 17.38206    691 04 40 19.65   +22 02 32.3    +0.515510 -0.473143  5.0590 6.0208-112s -0.50 +0.6  +0.73 
2003 12 17.41056    691 04 40 18.83   +22 02 32.2    -0.154214 +0.035590  5.0591 6.0207+035s +0.04 +0.1  +0.03 
2003 12 21.19869    645 04 38 40.02   +22 01 22.7    +0.591662 +0.158302  5.0729 6.0179-142s +0.13 +0.6  -0.98 
2003 12 21.19952    645 04 38 40.00   +22 01 22.6    +0.616267 +0.072463  5.0729 6.0179-146s +0.04 +0.6  -1.10 
2003 12 21.20118    645 04 38 39.96   +22 01 22.7    +0.665497 +0.200827  5.0729 6.0179-160s +0.16 +0.6  -0.86 
2003 12 21.20201    645 04 38 39.78   +22 01 22.3    -1.534759 -0.184969  5.0729 6.0179+365s -0.11 +1.5  +1.33 
2003 12 29.26799    691 04 35 25.20   +21 59 12.2    -0.280649 +0.083338  5.1166 6.0121+074s +0.09 +0.2  -0.32 
2003 12 29.30089    691 04 35 24.49   +21 59 11.7    +0.410833 +0.079523  5.1169 6.0121-111s +0.05 +0.4  +0.48 
2003 12 29.34716    691 04 35 23.38   +21 59 11.0    -0.226299 +0.111459  5.1172 6.0120+060s +0.12 +0.2  +0.28 

Station data:
(645) Apache Point-Sloan Digital Sky Survey  (N32.780499 W105.820580)  US/New
   Mexico. Measurers Z. Ivezic, M. Juric, R. H. Lupton, S. Tabachnik, T.
   Quinn. 2.5-m SDSS Telescope + SDSS camera.
(691) Steward Observatory, Kitt Peak-Spacewatch  (N31.962186 W111.600340)
   US/Arizona.  Observer J. V. Scotti. 0.9-m f/3 reflector + CCD.
