Orbit: 7.1088877 4.1174471 -1.1495237 -0.0029606 0.0061676 -0.0018729
epoch JD 2457747.50000 (2457348.16471)
Eigenvalues computed: sigma_squared = 0.33301
   0:      -6313     54507      9218   3.07e+6  -2.22e+7  -3.85e+6     -3504      9211    -54364   1.65e+6  -3.69e+6   2.23e+7
   1:      -6311     54504      9235   3.07e+6  -2.22e+7  -3.86e+6     -3506      9229    -54360   1.65e+6  -3.69e+6   2.23e+7
   2:      -6310     54502      9246   3.07e+6  -2.22e+7  -3.87e+6     -3507      9239    -54358   1.65e+6   -3.7e+6   2.23e+7
   3:      -6309     54500      9257   3.07e+6  -2.22e+7  -3.87e+6     -3509      9251    -54356   1.65e+6   -3.7e+6   2.23e+7
   4:      -6306     54495      9282   3.07e+6  -2.22e+7  -3.88e+6     -3512      9276    -54352   1.65e+6  -3.71e+6   2.23e+7
   5:      -6301     54485      9340   3.07e+6  -2.22e+7   -3.9e+6     -3519      9335    -54341   1.65e+6  -3.74e+6   2.23e+7
   6:      -6298     54480      9372   3.06e+6  -2.22e+7  -3.92e+6     -3522      9367    -54335   1.66e+6  -3.75e+6   2.23e+7
   7:      -6295     54473      9406   3.06e+6  -2.22e+7  -3.93e+6     -3526      9401    -54329   1.66e+6  -3.76e+6   2.23e+7
   8:      -6288     54461      9476   3.06e+6  -2.22e+7  -3.96e+6     -3534      9470    -54316   1.66e+6  -3.79e+6   2.23e+7
   9:      -6286     54455      9507   3.06e+6  -2.22e+7  -3.97e+6     -3538      9502    -54311   1.66e+6   -3.8e+6   2.23e+7
  10:      -5465     54160      9508   2.64e+6  -2.14e+7  -3.86e+6     -3561      9531    -53894   1.61e+6  -3.71e+6   2.15e+7
  11:     -35411     31423    -13950  -1.42e+7    1.3e+7  -5.74e+6      2035    -17966    -45762    859914  -7.31e+6  -1.87e+7
  12:     -35411     31423    -13951  -1.42e+7    1.3e+7  -5.74e+6      2035    -17967    -45761    860067  -7.32e+6  -1.87e+7
  13:     -35110     30527    -15909  -1.42e+7   1.27e+7  -6.57e+6      3579    -19264    -44932   1.49e+6  -7.89e+6  -1.84e+7
  14:     -35110     30527    -15910  -1.42e+7   1.27e+7  -6.57e+6      3579    -19264    -44931   1.49e+6  -7.89e+6  -1.84e+7
Covariance:
   2.16e-7   2.08e-7  -7.21e-8   5.5e-10   5.3e-10 -1.82e-10
   2.08e-7   6.73e-7  -2.32e-7    3.4e-9    2.1e-9  -7.2e-10
  -7.21e-8  -2.32e-7   7.99e-8  -1.17e-9 -7.21e-10  2.48e-10
   5.5e-10    3.4e-9  -1.17e-9  1.88e-11   1.1e-11 -3.77e-12
   5.3e-10    2.1e-9 -7.21e-10   1.1e-11  6.61e-12 -2.27e-12
 -1.82e-10  -7.2e-10  2.48e-10 -3.77e-12 -2.27e-12  7.81e-13
Covariance: test for orthogonality
  9.51e-14  2.02e-13 -6.96e-14   9.1e-16  6.02e-16 -2.07e-16
  2.02e-13   5.5e-13  -1.9e-13  2.67e-15  1.69e-15  -5.8e-16
 -6.96e-14  -1.9e-13  6.54e-14 -9.21e-16 -5.82e-16     2e-16
   9.1e-16  2.67e-15 -9.21e-16  1.32e-17  8.26e-18 -2.84e-18
  6.02e-16  1.69e-15 -5.82e-16  8.26e-18  5.19e-18 -1.78e-18
 -2.07e-16  -5.8e-16     2e-16 -2.84e-18 -1.78e-18  6.13e-19
Correlation:
  1.000000  0.545102 -0.548591  0.272863  0.443333 -0.442784
  0.545102  1.000000 -0.999873  0.955272  0.993125 -0.992994
 -0.548591 -0.999873  1.000000 -0.953924 -0.992524  0.992443
  0.272863  0.955272 -0.953924  1.000000  0.983299 -0.983349
  0.443333  0.993125 -0.992524  0.983299  1.000000 -0.999928
 -0.442784 -0.992994  0.992443 -0.983349 -0.999928  1.000000
WtW:
   4.22e+9  -5.32e+9   1.89e+9   1.5e+12 -8.33e+11  2.77e+11
  -5.32e+9  1.81e+10   1.22e+9 -6.61e+11 -3.92e+12  4.74e+11
   1.89e+9   1.22e+9  2.11e+10  2.26e+11   4.7e+11 -2.68e+12
   1.5e+12 -6.61e+11  2.26e+11  7.01e+14 -9.37e+14  3.23e+14
 -8.33e+11 -3.92e+12   4.7e+11 -9.37e+14  2.99e+15  2.13e+14
  2.77e+11  4.74e+11 -2.68e+12  3.23e+14  2.13e+14  3.53e+15
WtW: test for orthogonality
  3.01e+24  2.41e+24 -7.98e+23  1.92e+27 -3.83e+27  1.28e+27
  2.41e+24   1.6e+25 -3.27e+24  3.36e+27  -1.1e+28  6.27e+26
 -7.98e+23 -3.27e+24  7.48e+24 -1.15e+27  6.23e+26  -9.3e+27
  1.92e+27  3.36e+27 -1.15e+27  1.47e+30 -3.39e+30  1.17e+30
 -3.83e+27  -1.1e+28  6.23e+26 -3.39e+30  9.85e+30  1.08e+30
  1.28e+27  6.27e+26  -9.3e+27  1.17e+30  1.08e+30  1.26e+31
Eigenvectors:
  0.336568  0.890225 -0.306911  0.004292  0.002723 -0.000936
  0.941649 -0.319167  0.106776 -0.005033 -0.001796  0.000618
  0.002901  0.324948  0.945727  0.000001  0.000232  0.000661
  0.003370 -0.006202  0.002118  0.934045  0.337599 -0.116328
 -0.000411 -0.001023  0.000350 -0.357093  0.883077 -0.304397
 -0.000003 -0.000230 -0.000662 -0.000038  0.325869  0.945415
Eigenvectors: test for orthogonality
  1.000000  0.000000 -0.000000  0.000000  0.000000 -0.000000
  0.000000  1.000000  0.000000 -0.000000 -0.000000  0.000000
 -0.000000  0.000000  1.000000 -0.000000 -0.000000 -0.000000
  0.000000 -0.000000 -0.000000  1.000000 -0.000000 -0.000000
  0.000000 -0.000000 -0.000000 -0.000000  1.000000 -0.000000
 -0.000000  0.000000 -0.000000 -0.000000 -0.000000  1.000000
Eigenvalues:
    1.2e+6   7.28e+6  5.94e+10  9.67e+14  9.89e+15  1.08e+16
One-sigma eigenvect:
  0.000307  0.000812  -0.00028   3.91e-6   2.48e-6  -8.53e-7

Covariance in 'traditional' elements:
   Tp        e         q         Q         1/a       i         M         omega     Omega     MOID      H         (null)    (null)    (null)    (null)    (null) 
 (days)    (unitless) (AU)      (AU)      (1/AU)   (deg)     (deg)       (deg)     (deg)     (AU)    (mag)
      6.83  -0.00127   0.00473   -0.0502  0.000115  -0.00313     -0.09     0.351  -0.00352         0 -0.000814         0         0         0         0         0 Tp
  -0.00127   3.14e-7  -7.59e-7   1.34e-5   -3.2e-8   6.45e-7   1.33e-5  -6.54e-5   6.41e-7         0   7.49e-8         0         0         0         0         0 e
   0.00473  -7.59e-7   3.46e-6  -2.84e-5   6.31e-8  -2.07e-6  -6.78e-5  0.000243  -2.46e-6         0  -6.85e-7         0         0         0         0         0 q
   -0.0502   1.34e-5  -2.84e-5  0.000581   -1.4e-6   2.63e-5  0.000481  -0.00258   2.51e-5         0   1.95e-6         0         0         0         0         0 Q
  0.000115   -3.2e-8   6.31e-8   -1.4e-6   3.38e-9  -6.13e-8  -1.05e-6   5.93e-6  -5.73e-8         0  -3.21e-9         0         0         0         0         0 1/a
  -0.00313   6.45e-7  -2.07e-6   2.63e-5  -6.13e-8   1.49e-6   3.85e-5 -0.000161   1.61e-6         0   3.11e-7         0         0         0         0         0 i
     -0.09   1.33e-5  -6.78e-5  0.000481  -1.05e-6   3.85e-5   0.00134  -0.00463   4.71e-5         0   1.42e-5         0         0         0         0         0 M
     0.351  -6.54e-5  0.000243  -0.00258   5.93e-6 -0.000161  -0.00463    0.0181 -0.000181         0  -4.19e-5         0         0         0         0         0 omega
  -0.00352   6.41e-7  -2.46e-6   2.51e-5  -5.73e-8   1.61e-6   4.71e-5 -0.000181   1.84e-6         0   4.36e-7         0         0         0         0         0 Omega
         0         0         0         0         0         0         0         0         0         0         0         0         0         0         0         0 MOID
 -0.000814   7.49e-8  -6.85e-7   1.95e-6  -3.21e-9   3.11e-7   1.42e-5  -4.19e-5   4.36e-7         0   1.74e-7         0         0         0         0         0 H
         0         0         0         0         0         0         0         0         0         0         0         0         0         0         0         0 (null)
         0         0         0         0         0         0         0         0         0         0         0         0         0         0         0         0 (null)
         0         0         0         0         0         0         0         0         0         0         0         0         0         0         0         0 (null)
         0         0         0         0         0         0         0         0         0         0         0         0         0         0         0         0 (null)
         0         0         0         0         0         0         0         0         0         0         0         0         0         0         0         0 (null)
   Tp        e         q         Q         1/a       i         M         omega     Omega     MOID      H         (null)    (null)    (null)    (null)    (null) 

   Tp           2.61 2456916.590964770
        -280       325     -99.9    602182    -86069     32368
   e         0.00056 0.422005826
      -0.126    -0.102    0.0291       131      -344       104
   q         0.00186 8.121736649
       -1.07    -0.208    0.0502       439      74.9     -17.5
   Q          0.0241 19.981441603
       -8.77     -5.49      1.54      7454    -16534      5016
   1/a       5.82e-5 0.071166328
      0.0249    0.0144  -0.00403       -20      41.7     -12.7
   i         0.00122 16.623789784
     -0.0284     0.764      2.56     -75.7      2033      6814
   M          0.0366 15.547815982
        13.4     -1.34      0.55    -17817     15270     -4754
   omega       0.134 187.367220175
       -13.6      16.2      17.5     30255     -5302    -11846
   Omega     0.00136 -177.868168600
       0.239     -6.41     -21.5      -146      3935     13189
   MOID            0 0.000000000
           0         0         0         0         0         0
   H        0.000417 13.153422275
       0.534     0.128   -0.0636      -127      25.2    -0.444
   (null)          0 0.000000000
           0         0         0         0         0         0
   (null)          0 0.000000000
           0         0         0         0         0         0
   (null)          0 0.000000000
           0         0         0         0         0         0
   (null)          0 0.000000000
           0         0         0         0         0         0
   (null)          0 0.000000000
           0         0         0         0         0         0

Planet orbiting: 0
Sigmas:
sigma_Tp         2.61 days
sigma_e       0.00056 
sigma_q       0.00186 AU (278454 km)
sigma_Q        0.0241 AU (3.6e+6 km)
sigma_1/a     5.82e-5 1/AU
sigma_i        0.0012 deg
sigma_M         0.036 deg
sigma_omega      0.13 deg
sigma_Omega    0.0013 deg
sigma_MOID          0 AU (0 km)
sigma_H      0.000417 mag
sigma_n:      2.29e-5
sigma_a:       0.0115 AU (1.72e+6 km)
sigma_P:         23.6 days
sigma_Py:     0.0646 years
U=5.7
