Orbit: 1.8500340 5.6958955 -0.0290366 -0.0079331 0.0015766 0.0007582
epoch JD 2453002.50000 (2452967.89487)
Eigenvalues computed: sigma_squared = 0.893234
   0:     -78746     22483     -6607      4507     -1286       444      6222     -2273    -81894      -357       130      4696
   1:     -78757     22492     -6472      2290      -655       103      6092     -2235    -81907      -182      66.7      2444
   2:     -78774     22505     -6255     -1560       446      -103      5884     -2176    -81927       122       -45     -1695
   3:     -77911     25906     -6687  -1.79e+6    594237   -153317      6285     -2292    -82108    144188    -52577  -1.88e+6
   4:     -77917     25913     -6575  -1.79e+6    595069   -150991      6179     -2256    -82116    141895    -51820  -1.89e+6
   5:     -77923     25919     -6467  -1.79e+6    595962   -148573      6076     -2222    -82123    139724    -51103  -1.89e+6
   6:     -76369     27107     -7993  -2.66e+6    944910   -278540      7518     -2712    -81039    262157    -94566  -2.83e+6
   7:     -76381     27116     -7818  -2.67e+6    946101   -272721      7354     -2654    -81053    256645    -92611  -2.83e+6
   8:     -76394     27127     -7592  -2.67e+6    947747   -265173      7141     -2578    -81069    249563    -90099  -2.83e+6
Covariance:
  0.000364   0.00127  -7.69e-6   3.64e-6   3.16e-6   1.97e-7
   0.00127   0.00445  -2.69e-5   1.27e-5    1.1e-5   6.89e-7
  -7.69e-6  -2.69e-5   1.63e-7  -7.68e-8  -6.68e-8  -4.17e-9
   3.64e-6   1.27e-5  -7.68e-8   3.63e-8   3.17e-8   1.97e-9
   3.16e-6    1.1e-5  -6.68e-8   3.17e-8   2.78e-8   1.71e-9
   1.97e-7   6.89e-7  -4.17e-9   1.97e-9   1.71e-9  1.07e-10
Covariance: test for orthogonality
   1.75e-6   6.12e-6   -3.7e-8   1.75e-8   1.52e-8  9.48e-10
   6.12e-6   2.14e-5  -1.29e-7   6.11e-8   5.31e-8   3.31e-9
   -3.7e-8  -1.29e-7  7.82e-10 -3.69e-10 -3.21e-10    -2e-11
   1.75e-8   6.11e-8 -3.69e-10  1.75e-10  1.52e-10  9.47e-12
   1.52e-8   5.31e-8 -3.21e-10  1.52e-10  1.32e-10  8.23e-12
  9.48e-10   3.31e-9    -2e-11  9.47e-12  8.23e-12  5.13e-13
Correlation:
  1.000000  1.000000 -0.999824  0.999304  0.992686  0.999537
  1.000000  1.000000 -0.999825  0.999309  0.992700  0.999537
 -0.999824 -0.999825  1.000000 -0.999151 -0.992583 -0.999815
  0.999304  0.999309 -0.999151  1.000000  0.996492  0.998788
  0.992686  0.992700 -0.992583  0.996492  1.000000  0.992051
  0.999537  0.999537 -0.999815  0.998788  0.992051  1.000000
WtW:
  3.91e+10 -1.27e+10   3.58e+7  7.41e+11 -2.56e+11    2.9e+8
 -1.27e+10   4.14e+9   1.19e+8 -2.56e+11  8.88e+10   9.78e+8
   3.58e+7   1.19e+8  4.32e+10   3.21e+8   9.68e+8   8.3e+11
  7.41e+11 -2.56e+11   3.21e+8  2.23e+13 -7.76e+12   7.33e+9
 -2.56e+11  8.88e+10   9.68e+8 -7.76e+12   2.7e+12  2.54e+10
    2.9e+8   9.78e+8   8.3e+11   7.33e+9  2.54e+10   2.5e+13
WtW: test for orthogonality
  6.16e+23 -2.13e+23  2.32e+20  1.85e+25 -6.45e+24  6.19e+21
 -2.13e+23  7.38e+22   8.2e+20 -6.41e+24  2.23e+24  2.49e+22
  2.32e+20   8.2e+20  6.91e+23  5.75e+21  2.13e+22  2.08e+25
  1.85e+25 -6.41e+24  5.75e+21  5.57e+26 -1.94e+26   1.5e+23
 -6.45e+24  2.23e+24  2.13e+22 -1.94e+26  6.75e+25  6.48e+23
  6.19e+21  2.49e+22  2.08e+25   1.5e+23  6.48e+23  6.25e+26
Eigenvectors:
  0.275098  0.961392 -0.005811  0.002747  0.002388  0.000149
 -0.109238  0.027925 -0.010256  0.330196  0.937098 -0.000710
 -0.085486  0.030477  0.995319  0.002841 -0.001007 -0.033076
  0.950839 -0.271844  0.089987  0.006238  0.117725 -0.003113
  0.029518 -0.010200  0.011305  0.887659 -0.308650  0.340137
 -0.010669  0.003733  0.031231 -0.320900  0.112771  0.939789
Eigenvectors: test for orthogonality
  1.000000 -0.000000 -0.000000  0.000000 -0.000000  0.000000
 -0.000000  1.000000  0.000000 -0.000000 -0.000000  0.000000
 -0.000000  0.000000  1.000000 -0.000000 -0.000000 -0.000000
  0.000000 -0.000000 -0.000000  1.000000  0.000000 -0.000000
 -0.000000 -0.000000 -0.000000  0.000000  1.000000 -0.000000
  0.000000  0.000000 -0.000000 -0.000000 -0.000000  1.000000
Eigenvalues:
       208   2.17e+9  1.75e+10  1.77e+10   2.8e+13   2.8e+13
One-sigma eigenvect:
    0.0191    0.0667 -0.000403  0.000191  0.000166   1.03e-5

Covariance in 'traditional' elements:
   Tp        e         q         Q         1/a       i         M         omega     Omega     MOID      H         (null)    (null)    (null)    (null)    (null) 
 (days)    (unitless) (AU)      (AU)      (1/AU)   (deg)     (deg)       (deg)     (deg)     (AU)    (mag)
       912      1.19     -3.66      25.7    -0.135     -4.94     -13.7       102      1.84         0      1.67         0         0         0         0         0 Tp
      1.19    0.0016  -0.00489    0.0344 -0.000181  -0.00665   -0.0174     0.134   0.00248         0   0.00225         0         0         0         0         0 e
     -3.66  -0.00489    0.0149    -0.105  0.000554    0.0203    0.0534     -0.41  -0.00757         0  -0.00686         0         0         0         0         0 q
      25.7    0.0344    -0.105     0.739   -0.0039    -0.143    -0.374      2.88    0.0533         0    0.0483         0         0         0         0         0 Q
    -0.135 -0.000181  0.000554   -0.0039   2.06e-5  0.000754   0.00197   -0.0152 -0.000281         0 -0.000255         0         0         0         0         0 1/a
     -4.94  -0.00665    0.0203    -0.143  0.000754    0.0277    0.0713    -0.554   -0.0103         0  -0.00935         0         0         0         0         0 i
     -13.7   -0.0174    0.0534    -0.374   0.00197    0.0713     0.217     -1.52   -0.0266         0   -0.0241         0         0         0         0         0 M
       102     0.134     -0.41      2.88   -0.0152    -0.554     -1.52      11.3     0.207         0     0.187         0         0         0         0         0 omega
      1.84   0.00248  -0.00757    0.0533 -0.000281   -0.0103   -0.0266     0.207   0.00385         0   0.00349         0         0         0         0         0 Omega
         0         0         0         0         0         0         0         0         0         0         0         0         0         0         0         0 MOID
      1.67   0.00225  -0.00686    0.0483 -0.000255  -0.00935   -0.0241     0.187   0.00349         0   0.00316         0         0         0         0         0 H
         0         0         0         0         0         0         0         0         0         0         0         0         0         0         0         0 (null)
         0         0         0         0         0         0         0         0         0         0         0         0         0         0         0         0 (null)
         0         0         0         0         0         0         0         0         0         0         0         0         0         0         0         0 (null)
         0         0         0         0         0         0         0         0         0         0         0         0         0         0         0         0 (null)
         0         0         0         0         0         0         0         0         0         0         0         0         0         0         0         0 (null)
   Tp        e         q         Q         1/a       i         M         omega     Omega     MOID      H         (null)    (null)    (null)    (null)    (null) 

   Tp           30.2 2453295.116301345
        -365       213      38.3   -186632    348703     25432
   e            0.04 0.353394653
      -0.111    -0.184   0.00559       308     -24.3     -28.5
   q           0.122 5.828420162
      0.0943     -1.13   -0.0361      42.6      -340     -12.2
   Q            0.86 12.199331038
       -2.89     -7.49    0.0801      8671     -1390      -820
   1/a       0.00454 0.110940071
      0.0172     0.053  -0.00027     -53.6      10.7      5.12
   i           0.166 5.367278182
     -0.0574    0.0154    -0.632      -641       172     -7061
   M           0.466 -10.657006982
        10.8     -15.4     -1.36     14520    -14236     -1664
   omega        3.37 23.210688385
       -29.9      21.8     -99.5    -12465     29017     -2099
   Omega       0.062 74.964282790
        9.28     -2.49       102       356     -95.5      3920
   MOID            0 0.000000000
           0         0         0         0         0         0
   H          0.0562 14.121882444
       0.256     0.719  -0.00371      6.41      13.3   -0.0279
   (null)          0 0.000000000
           0         0         0         0         0         0
   (null)          0 0.000000000
           0         0         0         0         0         0
   (null)          0 0.000000000
           0         0         0         0         0         0
   (null)          0 0.000000000
           0         0         0         0         0         0
   (null)          0 0.000000000
           0         0         0         0         0         0

Planet orbiting: 0
Sigmas:
sigma_Tp         30.2 days
sigma_e          0.04 
sigma_q         0.122 AU (1.83e+7 km)
sigma_Q          0.86 AU (1.29e+8 km)
sigma_1/a     0.00454 1/AU
sigma_i          0.16 deg
sigma_M          0.46 deg
sigma_omega       3.3 deg
sigma_Omega      0.06 deg
sigma_MOID          0 AU (0 km)
sigma_H        0.0562 mag
sigma_n:      0.00223
sigma_a:        0.368 AU (5.51e+7 km)
sigma_P:          606 days
sigma_Py:       1.66 years
U=8.7
